Исходная матрица: 
Количество вершин: 5
0 1 87 71 22 
1 0 47 53 82 
87 47 0 35 34 
71 53 35 0 0 
22 82 34 0 0 

Исходная матрица: 
Количество вершин: 5
0 1 48 22 22 
1 0 47 23 23 
48 47 0 34 34 
22 23 34 0 0 
22 23 34 0 0 

